89
48
45
88
12
22
88
43

17
88
3
19
40
3
40
89
48
45
88
12
22
88
43
17
88
3
19
40
3
40
89
48
45
88
12
22
88
43
17
88
3
19
40
3
40
89
48
45
88
12
22
88
43
17
88
3
19
40
3
40
89
48
45
88
12
22
88
43
17
88
3
19
40
3
40
89
48
45
88
12
22
88
43
17
88
3
19
40
3
40
89
48
45
88
12
22
88
43
17
88
3
19
40
3
40
89
48
45
88
12
22
88
43
2
2
2
2
2
2
2
2
2
2
2
2
2
2
2
2
2
2
2
2
2
2
2
2
2
2
2
2
2
2
2
2
2
2
2
2
2
2
2
2
2
2
2
2
2
2
2
2
2
2
2
2
2
2
2
2
2
2
2
2
2
2
2
2
2
2
2
2
2
2
2
2
2
2
2
2
2
2
2
2
2
2
2
2
2
2
2
2
2
2
2
2
2
2
2
2
2
2
2
2
2
2
2
2
2
2
2
2
2
2
2
2
2
2
2
2
2
2
2
2
2
2
2
2
2
2
2
2
2
2
2
2
2
2
2
2
2
2
2
2
2
2
2
2
2
2
2
2
2
2
2
2
2
2
2
2
2
2
2
2
2
2
2
2
2
2
2
2
2
2
2
2
2
2
2
2
2
2
2
2
2
2
2
2
2
2
2
2
2
2
2
2
2
2
2
22
88
43
17
88
3
19
40
3
40
89
48
45
88
12
22
88
43
22
88
43
17
88
3
19
40
3
40
89
48
45
88
12
22
88
43
22
88
43
17
88
3
19
40
3
40
89
48
45
88
12
22
88
43
22
88
43
17
88
3
19
40
3
40
89
48
45
88
12
22
88
43
22
88
43
17
88
3
19
40
3
40
89
48
45
88
12
22
88
43
22
88
43
17
88
3
19
40
3
40
89
48
45
88
12
22
88
43

